MEMORIAS FLASH
430502
430503
435731
419689
430504
435727
435728
479868
479869
479870

MONITORES
480792
431068
440948
476855
446923
477569
452543
442428
442418
428873
425668
468167
475884
370919
425666
436647
477514
475903
439457
467193
417035
452660
452735

LAPTOPS
473530
481359
468038
457819
451095
471114
424308
470794
444602
441877
441796
479994
479194
482907
455438
437193
477752
471112
478533
477344
476614
481358
482910
455437
471146
470502
435444
482911
487752
451979
479993
462102
482906
487747
434953
464849
471113
479195
477346
460293
469507
482909
471111
478534
453243
