MEMORIAS FLASH
484392
489180
470077
264566
263232
483294
263235
460161
414834
432076
432079
432071
357672
460266
460267
460529
219056
429156
429155
477338
422988
460268
356978
422986
334244
489484
356979
368271
338321
480416
480417
480418
480415
393598
363379
479907
363378
224859
352053
368272
435727
430502
479868
422989
334245
489485
361792
435728
316244
479869
430503
397634
370095
479908
483297
416156
489486
480957
479870
430504
419689
400158
483298
429157
435731
480959
489487
479871
429158
489488
479872
