470077
429151
429153
480770
429152
429155
432076
414834
432068
432079
414836
432071
361634
460161
460266
219056
263232
393597
263235
69492
264566
357672
479889
460529
460267
429156
477338
422988
460268
356978
422986
352052
334244
368271
388323
416153
338321
363379
414410
393598
363378
479907
224859
480418
480415
480416
480417
356979
352053
368272
435727
477340
430502
422989
479868
334245
416155
388324
483558
435728
479869
361792
430503
368273
414411
397634
483297
370095
479908
316244
416156
480957
435730
430504
419689
400158
479870
483298
368274
479910
435731
480959
419693
479871
479872
484392