404983
474066
365427
467810
424577
443214
424408
467811
438463
444536
466868
422976
455432
422977
422975
447251
354199
484981
440799
440795
257474
295400
257486
325724
445499
368984
142717
422963
440800
440801
467754
467752
467755
467753
443717
467815
467793
467814
425712
232514
257468
457044
417011
418226
391074
220411
474809
232484
274191
325729
475422
467756
425713
451130
457205
325727
474810
295812
462375
419880
401370
401371
431367
442462
404985
455850
469056
88688
29560
365430
474756
474755
456052
474757
219301
394332
406624
325723
257473
444862
177279
424446
424448
424445
424447
337722
243959
337726
337737
337723
433319
365437
426316
365435
329347
365436
424450
381723
381720
406134
470640
405899
469387
469368
469388
257052
469389
260418
214228
438691
419716
353525
302277
150745
424366
205862

